n буква български руски
1 а 6.23 3.98
2 б 0.90 0.84
3 в 2.18 2.35
4 г 0.92 0.94
5 д 1.81 1.54
6 е 4.52 4.45
7 ё 0 0.06
9 ж 0.36 0.59
9 з 1.13 0.87
10 и 4.02 3.19
11 й 0.44 0.49
12 к 1.87 1.62
13 л 1.57 2.32
14 м 1.25 1.56
15 н 3.05 3.35
16 о 4.58 5.62
17 п 1.39 1.35
18 р 2.24 1.95
19 с 2.29 2.66
20 т 3.53 3.15
21 у 0.88 1.31
22 ф 0.08 0.09
23 х 0.45 0.36
24 ц 0.26 0.15
25 ч 0.76 0.95
26 ш 0.62 0.41
27 щ 0.32 0.15
28 ъ 0.94 0.01
29 ы 0 0.87
30 ь 0.00 1.13
31 э 0 0.18
32 ю 0.06 0.30
33 я 1.10 1.19
