1 а 81668 3.98
2 б 17168 0.84
3 в 48326 2.35
4 г 19275 0.94
5 д 31545 1.54
6 е 91350 4.45
7 ё 1156 0.06
8 ж 12102 0.59
9 з 17808 0.87
10 и 65508 3.19
11 й 10050 0.49
12 к 33359 1.62
13 л 47604 2.32
14 м 32075 1.56
15 н 68807 3.35
16 о 115530 5.62
17 п 27793 1.35
18 р 40061 1.95
19 с 54566 2.66
20 т 64714 3.15
21 у 26951 1.31
22 ф 1893 0.09
23 х 7468 0.36
24 ц 3013 0.15
25 ч 19608 0.95
26 ш 8385 0.41
27 щ 3011 0.15
28 ъ 307 0.01
29 ы 17776 0.87
30 ь 23116 1.13
31 э 3672 0.18
32 ю 6141 0.30
33 я 24521 1.19
