1 а 81668 14.97
2 б 17168 3.15
3 в 48326 8.86
4 г 19275 3.53
5 д 31545 5.78
6 е 91350 16.75
7 ё 1156 0.21
8 ж 12102 2.22
9 з 17808 3.26
10 и 65508 12.01
11 й 10050 1.84
12 к 33359 6.12
13 л 47604 8.73
14 м 32075 5.88
15 н 68807 12.61
16 о 115530 21.18
17 п 27793 5.10
18 р 40061 7.34
19 с 54566 10.00
20 т 64714 11.86
21 у 26951 4.94
22 ф 1893 0.35
23 х 7468 1.37
24 ц 3013 0.55
25 ч 19608 3.59
26 ш 8385 1.54
27 щ 3011 0.55
28 ъ 307 0.06
29 ы 17776 3.26
30 ь 23116 4.24
31 э 3672 0.67
32 ю 6141 1.13
33 я 24521 4.50
